59219 10008   20001  167616.3 1352804   18201.5 1353765   20225.6 1352027    8785.7 1352609    7258.5
59219 10008 1352985   -7494.1 1350909   62513.9 1351258   34153.2 1351178   20556.5 1353262   88579.3
59219 10008 1350355    1223.6 1351321   -8517.0 1352388   -5657.6 1412056   70811.8 1411077 -100964.7
59219 10008 1411086  177735.2 1411082   86570.2 1411002  -73085.5 1353054   49083.5 1351029    8170.4
59219 10008 1353530   -1167.5 1350157   19466.9 1400890   31750.6 1400810     721.6 1400889    6156.2
59219 10008 1400809     540.1 1411037    -608.8       0       0.0       0       0.0       0       0.0
99999
59224 10008   20001  167615.8 1352804   18241.3 1353765   20385.1 1352027    8851.8 1352609    7241.1
59224 10008 1352985   -7539.8 1350909   62571.7 1351258   34263.7 1351178   20723.2 1353262   88595.5
59224 10008 1350355    1302.8 1351321   -8558.2 1352388   -5603.8 1412056   71751.4 1411077 -101343.3
59224 10008 1411086  178380.4 1411082   86964.8 1411002  -73660.4 1353054   49246.6 1351029    8249.5
59224 10008 1353530   -1191.9 1350157   19534.5 1400890   31852.0 1400810     745.8 1400889    6210.3
59224 10008 1400809     567.9 1411037    -646.3       0       0.0       0       0.0       0       0.0
99999
59229 10008   20001  167613.4 1352804   18286.3 1353765   20542.1 1352027    8916.6 1352609    7223.9
59229 10008 1352985   -7584.6 1350909   62622.8 1351258   34373.3 1351178   20894.0 1353262   88611.0
59229 10008 1350355    1378.2 1351321   -8605.9 1352388   -5561.9 1412056 -460409.8 1411077 -101720.5
59229 10008 1411086  179024.6 1411082   87360.2 1411002  -74235.9 1353054   49413.9 1351029    8328.5
59229 10008 1353530   -1213.3 1350157   19606.3 1400890   31953.0 1400810     769.8 1400889    6264.1
59229 10008 1400809     595.5 1411037    -685.2       0       0.0       0       0.0       0       0.0
99999
59234 10008   20001  167613.6 1352804   18329.3 1353765   20706.4 1352027    8983.5 1352609    7215.1
59234 10008 1352985   -7634.1 1350909   62683.3 1351258   34486.9 1351178   21053.4 1353262   88620.7
59234 10008 1350355    1448.7 1351321   -8639.5 1352388   -5522.7 1412056 -459462.2 1411077 -102099.8
59234 10008 1411086  179667.2 1411082   87756.3 1411002  -74812.5 1353054   49564.6 1351029    8405.2
59234 10008 1353530   -1238.4 1350157   19684.7 1400890   32054.0 1400810     793.9 1400889    6318.4
59234 10008 1400809     623.1 1411037    -724.5       0       0.0       0       0.0       0       0.0
99999
59239 10008   20001  167616.1 1352804   18381.1 1353765   20873.2 1352027    9050.9 1352609    7197.9
59239 10008 1352985   -7674.4 1350909   62746.0 1351258   34591.6 1351178   21222.2 1353262   88635.8
59239 10008 1350355    1534.4 1351321   -8679.8 1352388   -5475.0 1412056 -458510.3 1411077 -102478.6
59239 10008 1411086  180309.6 1411082   88154.1 1411002  -75389.4 1353054   49727.0 1351029    8483.8
59239 10008 1353530   -1267.0 1350157   19749.9 1400890   32155.5 1400810     818.1 1400889    6373.6
59239 10008 1400809     653.2 1411037    -765.7       0       0.0       0       0.0       0       0.0
99999
59244 10008   20001  167614.4 1352804   18421.3 1353765   21036.3 1352027    9116.1 1352609    7183.4
59244 10008 1352985   -7730.5 1350909   62800.4 1351258   34710.8 1351178   21391.3 1353262   88645.6
59244 10008 1350355    1612.8 1351321   -8719.0 1352388   -5425.5 1412056 -457552.0 1411077 -102857.6
59244 10008 1411086  180950.6 1411082   88552.4 1411002  -75967.2 1353054   49891.6 1351029    8555.9
59244 10008 1353530   -1302.3 1350157   19823.1 1400890   32256.7 1400810     842.6 1400889    6428.1
59244 10008 1400809     682.6 1411037    -807.1       0       0.0       0       0.0       0       0.0
99999
